 110
40
0.4
0.01
0.3
0.005
50
200


t:
0.00 0.25 0.50 0.75 1.00 1.25 1.50 1.75 2.00 2.25 2.50 2.75 3.00 3.25 3.50 3.75 4.00 4.25 4.50 4.75 5.00 5.25 5.50 5.75 6.00 6.25 6.50 6.75 7.00 7.25 7.50 7.75 8.00 8.25 8.50 8.75 9.00 9.25 9.50 9.75 10.00 10.25 10.50 10.75 11.00 11.25 11.50 11.75 12.00 12.25 12.50 12.75 13.00 13.25 13.50 13.75 14.00 14.25 14.50 14.75 15.00 15.25 15.50 15.75 16.00 16.25 16.50 16.75 17.00 17.25 17.50 17.75 18.00 18.25 18.50 18.75 19.00 19.25 19.50 19.75 20.00 20.25 20.50 20.75 21.00 21.25 21.50 21.75 22.00 22.25 22.50 22.75 23.00 23.25 23.50 23.75 24.00 24.25 24.50 24.75 25.00 25.25 25.50 25.75 26.00 26.25 26.50 26.75 27.00 27.25 27.50 27.75 28.00 28.25 28.50 28.75 29.00 29.25 29.50 29.75 30.00 30.25 30.50 30.75 31.00 31.25 31.50 31.75 32.00 32.25 32.50 32.75 33.00 33.25 33.50 33.75 34.00 34.25 34.50 34.75 35.00 35.25 35.50 35.75 36.00 36.25 36.50 36.75 37.00 37.25 37.50 37.75 38.00 38.25 38.50 38.75 39.00 39.25 39.50 39.75 40.00 40.25 40.50 40.75 41.00 41.25 41.50 41.75 42.00 42.25 42.50 42.75 43.00 43.25 43.50 43.75 44.00 44.25 44.50 44.75 45.00 45.25 45.50 45.75 46.00 46.25 46.50 46.75 47.00 47.25 47.50 47.75 48.00 48.25 48.50 48.75 49.00 49.25 49.50 49.75 50.00
v:
110.00 109.81 109.25 108.32 107.03 105.39 103.40 101.09 98.47 95.57 92.39 88.98 85.34 81.52 77.54 73.42 69.20 64.92 60.60 56.27 51.97 47.73 43.59 39.56 35.69 32.00 28.53 25.28 22.30 19.60 17.21 15.13 13.39 12.00 10.97 10.30 10.01 10.10 10.56 11.38 12.58 14.13 16.02 18.24 20.78 23.60 26.71 30.06 33.63 37.41 41.35 45.43 49.62 53.89 58.21 62.54 66.85 71.10 75.28 79.34 83.26 87.00 90.54 93.85 96.90 99.68 102.16 104.33 106.16 107.65 108.78 109.55 109.94 109.96 109.61 108.88 107.79 106.34 104.54 102.40 99.95 97.20 94.18 90.89 87.37 83.65 79.75 75.71 71.54 67.29 62.99 58.66 54.34 50.06 45.86 41.77 37.81 34.02 30.42 27.04 23.91 21.06 18.49 16.23 14.31 12.72 11.49 10.63 10.13 10.01 10.26 10.88 11.87 13.23 14.93 16.97 19.34 22.01 24.96 28.18 31.63 35.30 39.15 43.16 47.30 51.53 55.82 60.15 64.47 68.76 72.99 77.11 81.11 84.96 88.61 92.05 95.25 98.18 100.83 103.18 105.19 106.88 108.20 109.17 109.77 110.00 109.85 109.33 108.44 107.18 105.57 103.62 101.35 98.76 95.88 92.73 89.34 85.73 81.93 77.96 73.85 69.65 65.37 61.05 56.72 52.42 48.17 44.01 39.98 36.09 32.38 28.88 25.61 22.60 19.87 17.44 15.33 13.55 12.13 11.06 10.36 10.03 10.07 10.49 11.28 12.44 13.95 15.81 17.99 20.50 23.30 26.37 29.70 33.25 37.01 40.93 45.00 49.18 53.45 57.76 62.09
k:
40.00 42.50 44.98 47.42 49.80 52.11 54.33 56.45 58.44 60.29 61.99 63.53 64.88 66.06 67.03 67.81 68.37 68.73 68.87 68.79 68.49 67.99 67.27 66.35 65.23 63.92 62.43 60.78 58.96 57.01 54.93 52.74 50.45 48.08 45.65 43.18 40.69 38.19 35.71 33.25 30.85 28.52 26.27 24.12 22.10 20.21 18.46 16.88 15.47 14.25 13.22 12.39 11.76 11.35 11.15 11.17 11.40 11.85 12.51 13.38 14.45 15.70 17.14 18.75 20.52 22.44 24.48 26.65 28.91 31.26 33.67 36.13 38.62 41.12 43.61 46.07 48.49 50.85 53.12 55.30 57.36 59.29 61.07 62.70 64.16 65.43 66.52 67.41 68.09 68.56 68.82 68.86 68.68 68.29 67.69 66.88 65.87 64.66 63.27 61.71 59.98 58.10 56.09 53.96 51.72 49.40 47.00 44.55 42.07 39.57 37.07 34.60 32.17 29.80 27.50 25.29 23.20 21.23 19.41 17.73 16.23 14.90 13.76 12.82 12.08 11.55 11.23 11.13 11.25 11.58 12.12 12.88 13.83 14.99 16.33 17.84 19.53 21.36 23.34 25.44 27.65 29.95 32.33 34.77 37.24 39.74 42.24 44.72 47.16 49.56 51.88 54.11 56.23 58.24 60.10 61.82 63.37 64.75 65.94 66.94 67.74 68.33 68.70 68.86 68.81 68.53 68.05 67.35 66.45 65.35 64.06 62.59 60.95 59.16 57.22 55.15 52.97 50.69 48.33 45.91 43.44 40.95 38.45 35.96 33.51 31.10 28.76 26.50 24.34 22.30 20.40 18.64 17.04 15.61 14.37 13.31 12.46 11.82 11.38 11.16 11.16